
一、『筆電、桌機、平板、平板電腦』，請勿做任何聯想，零件機須完整，禁止半套、零組件
二、刊登商品必須有『實體照片、實價』，若為全新品請拍照外箱證明商品真實存在
三、賣方刊登商品有義務說明：『廠牌、型號、尺寸、規格、機況、交易方式』
四、每天只能推文一次，社團不是私人賣場，每日限2篇貼文，以上依日期為準。
五、商品賣不出去請降價，降價達10%可以重新發表，不願降10%者限以編輯方式自行調整價格及內容
六，商品已售出不下架企圖變相打廣告佔據、擾亂版面者踢出本社團!

0.1 0.2 0.3 0.4 0.5 0.6 0.7 0.8 0.9
1 1.1 1.2 1.3 1.4 1.5 1.6 1.7 1.8 1.9
2 2.1 2.2 2.3 2.4 2.5 2.6 2.7 2.8 2.9
3 3.1 3.2 3.3 3.4 3.5 3.6 3.7 3.8 3.9 
4 4.1 4.2 4.3 4.4 4.5 4.6 4.7 4.8 4.9 
5 5.1 5.2 5.3 5.4 5.5 5.6 5.7 5.8 5.9 0130140150160177180
6 6.1 6.2 6.3 6.4 6.5 6.6 6.7 6.8 6.9
7 7.1 7.2 7.3 7.4 7.5 7.6 7.7 7.8 7.9  
8 8.1 8.2 8.3 8.4 8.5 8.6 8.7 8.8 8.9
9 9.1 9.2 9.3 9.4 9.5 9.6 9.7 9.8 9.9
10 10.5 11 11.5 12 12.5 13 13.5 14 14.5 15 15.5 16 16.5 17 17.5 18 18.5 19 19.5
20 20.5 21 21.5 22 22.5 23 23.5 24 24.5 25 25.5 26 26.5 27 27.5 28 28.5 29 29.5
30 30.5 31 31.5 32 32.5 33 33.5 34 34.5 35 35.5 36 36.5 37 37.5 38 38.5 39 39.5
40 40.5 41 41.5 42 42.5 43 43.5 44 44.5 45 45.5 46 46.5 47 47.5 48 48.5 49 49.5
50 51 52 53 54 55 56 57 58 59
60 61 62 63 64 65 66 67 68 69
70 71 72 73 74 75 76 77 78 79 2317613.524042.5344219.514234.537239.534020.535025.5
80 81 82 83 84 85 86 87 88 89 3326027.533228.5392231.535216.536212.536015.545421.5
90 91 92 93 94 95 96 97 98 99
100 101 102 103 104 105 106 107 108 109
110 111 112 113 114 115 116 117 118 119
120 121 122 123 124 125 126 127 128 129
130 131 132 133 134 135 136 137 138 139
140 141 142 143 144 145 146 147 148 149  3203
150 151 152 153 154 155 156 157 158 159
160 161 162 163 164 165 166 167 168 169
170 171 172 173 174 175 176 177 178 179
180 181 182 183 184 185 186 187 188 189
190 191 192 193 194 195 196 197 198 199
200 201 202 203 204 205 206 207 208 209
210 211 212 213 214 215 216 217 218 219
220 221 222 223 224 225 226 227 228 229
230 231 232 233 234 235 236 237 238 239
240 241 242 243 244 245 246 247 248 249
250 251 252 253 254 255 256 257 258 259
260 261 262 263 264 265 266 267 268 269
270 271 272 273 274 275 276 277 278 279
280 281 282 284 284 285 286 287 288 289
290 291 292 293 294 295 296 297 298 299
300 301 302 303 304 305 306 307 308 309
310 311 312 313 314 315 316 317 318 319
320 321 322 323 324 325 326 327 328 329
330 331 332 333 334 335 336 337 338 339
340 341 342 343 344 345 346 347 348 349
350 351 352 353 354 355 356 357 358 359
360 361 362 363 364 365 366 367 368 369
370 371 372 373 374 375 376 377 378 379
380 381 382 383 384 385 386 387 388 389
390 391 392 393 394 395 396 397 398 399
400 401 402 403 404 405 406 407 408 659
